2.9678 2.8848 2.7727 2.6313 2.4599 2.258 2.0248 1.7592 1.4602 1.1265 
0.7564 0.348 -0.1006 -0.5921 -1.1294 -1.7157 -2.3549 -3.0515 -3.8104 -4.6371 
-5.5375 -6.5169 -7.5789 -8.7225 -9.9355 -11.1831 -12.389 -13.4184 -14.0944 -14.2867 
-14.0159 -13.4355 -12.719 -11.9885 -11.3099 -10.7127 -10.2071 -9.7942 -9.4708 -9.2326 
-9.0748 -8.9926 -8.9809 -9.0346 -9.1474 -9.3113 -9.5156 -9.7455 -9.981 -10.1953 
-10.3563 -10.4289 -10.3813 -10.1935 -9.8634 -9.4068 -8.8524 -8.2333 -7.5808 -6.92 
-6.2699 -5.6432 -5.0486 -4.4911 -3.9735 -3.4973 -3.0628 -2.67 -2.3184 -2.0074 
-1.7364 -1.5047 -1.3119 -1.1576 -1.0415 -0.9636 -0.9241 -0.9232 -0.9616 -1.0402 
-1.16 -1.3228 -1.5304 -1.7854 -2.0908 -2.4506 -2.8698 -3.3545 -3.9129 -4.5551 
-5.2951 -6.1513 -7.1498 -8.3282 -9.744 -11.4919 -13.7428 -16.8588 -21.8554 -34.9483 
-26.5517 -19.1117 -15.1683 -12.4828 -10.4559 -8.8378 -7.5004 -6.3693 -5.3971 -4.5522 
-3.8122 -3.161 -2.5862 -2.0787 -1.631 -1.2375 -0.8937 -0.5959 -0.3411 -0.1272 
0.0476 0.1848 0.2853 0.3497 0.3784 0.3712 0.3279 0.2479 0.1302 -0.0266 
-0.2241 -0.4646 -0.7507 -1.0857 -1.4736 -1.9191 -2.4278 -3.0062 -3.6617 -4.4023 
-5.2353 -6.1641 -7.1819 -8.2563 -9.3002 -10.1365 -10.5106 -10.2403 -9.3919 -8.2106 
-6.9215 -5.6532 -4.4612 -3.3625 -2.3573 -1.4395 -0.601 0.1662 0.8694 1.5149 
2.1082 2.6541 3.1565 3.6187 4.0438 4.4341 4.7918 5.1187 5.4163 5.6859 
5.9287 6.1456 6.3375 6.5049 6.6485 6.7686 6.8657 6.9399 6.9915 7.0204 
7.0266 7.0102 6.9707 6.9081 6.8219 6.7116 6.5768 6.4166 6.2303 6.017 
5.7755 5.5045 5.2025 4.8677 4.498 4.0908 3.6433 3.1519 2.6124 2.0194 
1.3666 0.6458 -0.1532 -1.0439 -2.0444 -3.1795 -4.4848 -6.0135 -7.8514 -10.1479 
-13.199 -17.7072 -25.3087 -23.281 -16.8014 -13.007 -10.4305 -8.5145 -7.0122 -5.7946 
-4.786 -3.9386 -3.2201 -2.6078 -2.0853 -1.6402 -1.263 -0.9465 -0.6848 -0.4735 
-0.309 -0.1883 -0.1093 -0.0703 -0.0701 -0.1078 -0.1831 -0.2959 -0.4465 -0.6357 
-0.8646 -1.1348 -1.4485 -1.8085 -2.2181 -2.6818 -3.2051 -3.7949 -4.46 -5.2115 
-6.0637 -7.0354 -8.1505 -9.4401 -10.9407 -12.6844 -14.6475 -16.5669 -17.6065 -16.9213 
-15.0967 -13.0937 -11.282 -9.7169 -8.3723 -7.2111 -6.2009 -5.3161 -4.5371 -3.8486 
-3.2389 -2.6987 -2.2205 -1.7987 -1.4283 -1.1056 -0.8275 -0.5912 -0.3949 -0.2368 
-0.1155 -0.0299 0.0207 0.0372 0.0198 -0.0311 -0.1153 -0.2328 -0.3838 -0.5683 
-0.7866 -1.0391 -1.326 -1.6478 -2.0046 -2.3967 -2.824 -3.2863 -3.7826 -4.3115 
-4.8707 -5.4565 -6.0638 -6.6854 -7.3121 -7.9323 -8.5326 -9.0992 -9.6191 -10.0831 
-10.488 -10.8379 -11.1444 -11.4256 -11.7038 -12.0039 -12.3526 -12.7777 -13.3102 -13.9867 
-14.8545 -15.9805 -17.468 -19.4905 -22.3509 -26.3471 -28.2848 -23.8735 -19.6014 -16.4091 
-13.9201 -11.8898 -10.1788 -8.7036 -7.4106 -6.2635 -5.2369 -4.3121 -3.4749 -2.7144 
-2.0222 -1.3913 -0.8162 -0.2923 0.1844 0.6169 1.0081 1.3601 1.675 1.9544 
2.1998 2.4124 2.5931 2.7429 2.8625 2.9523 3.013 3.0447 3.0477 3.0221 
