[x1 y1]
ans =
   273    22
   275    23
   275    24
   276    22
   276    23
   276    24
   276    25
   277    24
   278    22
   278    23
   278    24
   278    25
   279    23
   279    24
   280    24
   281    22
   281    23
   281    24
   281    25
   282    23
   282    24
   283    24
   283    25
   284    22
   284    23
   284    24
   284    26
   285    24
   285    25
   285    26
   286    25
   286    26
   287    24
   287    25
   287    26
   287    27
   288    26
   288    27
   288    28
   289    26
   289    27
   289    29
   290    26
   290    28
   290    29
   291    27
   291    30
   291    31
   291    32
   292    30
   292    31
   292    32
   292    33
   293    32
   293    33
   293    34
   293    36
   294    35
   294    37
   295    35
   295    36
   295    37
   295    38
   296    36
   296    37
   296    38
   296    39
   296    40
   296    41
   296    43
   296    44
   297    41
   297    42
   297    43
   297    44
   297    45
   298    42
   298    44
   298    45
   298    46
   298    47
   298    48
   299    43
   299    49
   299    50
   299    51
   299    52
   299    54
   299    55
   300    52
   300    53
   300    54
   300    55
   300    56
   301    53
   301    55
   301    57
   301    58
   301    59
   301    60
   301    61
   302    54
   302    62
   302    63
   302    64
   302    65
   302    68
   302    69
   303    66
   303    67
   303    68
   303    69
   303    70
   304    68
   304    69
   304    71
   304    72
   304    73
   304    74
   304    75
   304    83
   305    76
   305    77
   305    78
   305    79
   305    80
   305    82
   305    84
   306    81
   306    82
   306    83
   306    84
   306    85
   306    86
   306    87
   307    83
   307    84
   307    88
   307    89
   307    90
   307    91
   307    92
   307    93
   307    94
   307    95
   307   100
   307   101
   308    96
   308    97
   308    98
   308    99
   308   100
   308   101
   308   102
   308   103
   308   104
   309    99
   309   101
   309   105
   309   106
   309   107
   309   108
   309   109
   309   110
   309   111
   309   112
   309   125
   310   100
   310   113
   310   114
   310   115
   310   116
   310   117
   310   118
   310   119
   310   120
   310   124
   310   125
   311   121
   311   122
   311   123
   311   124
   311   125
   311   126
   311   127
   311   128
   311   129
   311   130
   312   125
   312   131
   312   132
   312   133
   312   134
   312   135
   312   136
   312   137
   312   138
   312   139
   312   140
   312   141
   312   142
   312   148
   312   149
   313   143
   313   144
   313   145
   313   146
   313   147
   313   148
   313   149
   313   150
   313   151
   313   152
   314   147
   314   149
   314   153
   314   154
   314   155
   314   156
   314   157
   314   158
   314   159
   314   160
   315   148
   315   161
   315   162
   315   163
   315   164
   315   165
   315   166
   315   167
   315   168
   315   173
   316   169
   316   170
   316   171
   316   172
   316   173
   316   174
   316   175
   316   176
   317   172
   317   173
   317   177
   317   178
   317   179
   317   180
   317   181
   317   182
   317   183
   318   173
   318   184
   318   185
   318   186
   318   187
   318   188
   318   189
   318   193
   318   194
   319   190
   319   191
   319   192
   319   193
   319   195
   320   193
   320   194
[x2 y2]
ans =
   298    24
   299    24
   299    25
   299    26
   300    24
   300    25
   300    27
   301    24
   301    25
   301    26
   302    24
   302    25
   302    26
   302    27
   303    25
   303    26
   303    28
   304    25
   304    26
   304    27
   304    28
   305    25
   305    28
   305    29
   305    30
   306    28
   306    29
   306    30
   306    31
   307    28
   307    29
   307    30
   307    31
   307    32
   308    31
   308    32
   308    33
   308    34
   309    31
   309    32
   309    33
   309    34
   309    35
   309    38
   310    31
   310    36
   310    37
   310    38
   310    39
   310    40
   311    38
   311    39
   311    40
   311    41
   312    38
   312    39
   312    42
   312    43
   312    44
   312    45
   312    46
   312    48
   312    49
   313    47
   313    48
   313    49
   313    50
   313    51
   314    48
   314    49
   314    50
   314    51
   314    52
   314    53
   314    54
   314    59
   315    48
   315    55
   315    56
   315    57
   315    58
   315    59
   315    60
   316    59
   316    60
   316    61
   316    62
   317    59
   317    60
   317    63
   317    64
   317    65
   317    66
   317    72
   318    59
   318    67
   318    68
   318    69
   318    70
   318    72
   318    73
   318    74
   319    71
   319    72
   319    73
   319    74
   319    75
   319    76
   320    72
   320    73
   320    74
   320    77
   320    78
   320    79
   320    80
   320    81
   320    82
   320    90
   321    72
   321    83
   321    84
   321    85
   321    86
   321    87
   321    88
   321    90
   321    91
   322    89
   322    90
   322    91
   322    92
   322    93
   322    94
   322    95
   322    96
   323    90
   323    91
   323    97
   323    98
   323    99
   323   100
   323   101
   323   102
   323   103
   323   104
   323   105
   323   106
   323   110
   323   111
   324   107
   324   108
   324   109
   324   110
   324   111
   324   112
   324   113
   324   114
   325   110
   325   111
   325   112
   325   115
   325   116
   325   117
   325   118
   325   119
   325   120
   325   121
   325   131
   326   110
   326   122
   326   123
   326   124
   326   125
   326   126
   326   127
   326   128
   326   131
   326   132
   326   133
   327   129
   327   130
   327   131
   327   132
   327   133
   327   134
   327   135
   327   136
   328   131
   328   132
   328   133
   328   137
   328   138
   328   139
   328   140
   328   141
   328   142
   328   143
   328   144
   328   145
   328   158
   329   131
   329   146
   329   147
   329   148
   329   149
   329   150
   329   151
   329   152
   329   153
   329   154
   329   158
   329   159
   329   160
   330   155
   330   156
   330   157
   330   158
   330   159
   330   160
   330   161
   330   162
   330   163
   330   164
   331   158
   331   159
   331   165
   331   166
   331   167
   331   168
   331   169
   331   170
   331   171
   331   172
   331   173
   331   174
   331   178
   331   179
   332   175
   332   176
   332   177
   332   178
   332   179
   332   180
   332   181
   332   182
   332   183
   332   184
   332   185
   333   178
   333   179
   333   180
   333   186
   333   187
   333   188
   333   189
   333   190
   333   191
   333   192
   333   193
   333   194
   333   195
   333   196
   333   197
   333   198
   334   178
   334   199
   334   200
   334   201
   334   202
   334   203
   334   204
   334   205
   334   206
   334   207
   334   208
   334   209
   334   210
   334   216
   334   217
   335   211
   335   212
   335   213
   335   214
   335   215
   335   216
   335   217
   335   218
   335   219
   336   216
   336   217
   336   218
   337   216
[x4 y4]
ans =
   339    23
   339    24
   339    25
   340    23
   340    26
   341    23
   341    24
   341    25
   341    26
   342    24
   342    25
   342    26
   342    27
   343    25
   343    26
   343    27
   344    25
   344    26
   344    27
   344    28
   344    29
   345    27
   345    28
   345    29
   345    30
   346    27
   346    29
   346    30
   347    27
   347    28
   347    29
   347    30
   347    31
   347    33
   347    34
   347    35
   348    32
   348    33
   348    35
   349    32
   349    33
   349    34
   349    35
   350    33
   350    34
   350    36
   350    37
   350    38
   350    41
   350    42
   350    43
   351    39
   351    40
   351    41
   351    43
   352    40
   352    41
   352    42
   352    43
   352    47
   352    48
   352    49
   353    41
   353    42
   353    44
   353    45
   353    46
   353    47
   353    49
   354    46
   354    47
   354    48
   354    49
   354    50
   355    47
   355    48
   355    49
   355    51
   355    52
   355    53
   355    54
   355    59
   355    60
   355    61
   356    55
   356    56
   356    57
   356    58
   356    59
   356    61
   357    59
   357    60
   357    61
   357    62
   357    63
   358    59
   358    60
   358    61
   358    64
   358    65
   358    66
   358    67
   358    68
   358    69
   358    70
   358    71
   358    74
   358    75
   358    76
   359    72
   359    73
   359    74
   359    75
   359    76
   359    77
   359    78
   360    74
   360    75
   360    76
   360    79
   360    80
   360    81
   360    82
   360    83
   360    84
   360    92
   360    93
   361    85
   361    86
   361    87
   361    88
   361    89
   361    90
   361    91
   361    92
   361    93
   361    94
   362    91
   362    92
   362    93
   362    94
   362    95
   362    96
   363    92
   363    93
   363    94
   363    97
   363    98
   363    99
   363   100
   363   101
   363   102
   363   110
   363   111
   363   112
   364   103
   364   104
   364   105
   364   106
   364   107
   364   108
   364   109
   364   110
   364   112
   365   109
   365   110
   365   111
   365   112
   365   113
   365   114
   366   110
   366   111
   366   115
   366   116
   366   117
   366   118
   366   119
   366   120
   366   121
   366   122
   366   133
   366   134
   366   135
   367   123
   367   124
   367   125
   367   126
   367   127
   367   128
   367   129
   367   130
   367   133
   367   135
   368   131
   368   132
   368   133
   368   134
   368   135
   368   136
   368   137
   368   138
   368   139
   369   134
   369   140
   369   141
   369   142
   369   143
   369   144
   369   145
   369   146
   369   147
   369   148
   369   149
   369   153
   369   154
   369   155
   370   150
   370   151
   370   152
   370   153
   370   154
   370   155
   370   156
   370   157
   371   153
   371   154
   371   155
   371   158
   371   159
   371   160
   371   161
   371   162
   371   163
   371   171
   371   172
   371   173
   372   164
   372   165
   372   166
   372   167
   372   168
   372   169
   372   170
   372   171
   372   173
   373   170
   373   171
   373   172
   373   173
   373   174
   373   175
   373   176
   374   171
   374   172
   374   173
   374   177
   374   178
   374   179
   374   180
   374   181
   374   182
   374   183
   374   184
   374   185
   374   197
   374   198
   374   199
   375   186
   375   187
   375   188
   375   189
   375   190
   375   191
   375   192
   375   193
   375   194
   375   197
   375   199
   375   200
   376   195
   376   196
   376   197
   376   198
   376   199
   376   200
   377   198
   377   199
diary off
