  8.8666667e+000  1.0000000e+000
  9.1333333e+000  9.7537063e-001
  9.4000000e+000  9.2791677e-001
  9.6666667e+000  8.3982293e-001
  9.8000000e+000  7.9896375e-001
  
  9.9333333e+000  7.4137187e-001
  1.0066667e+001  6.8793139e-001
  1.0200000e+001  5.9232925e-001
  1.0333333e+001  4.8519976e-001
  1.0466667e+001  4.0748188e-001
  
  1.0600000e+001  3.2556325e-001
  1.0733333e+001  2.3541881e-001
  1.0866667e+001  1.5796321e-001
  1.1000000e+001  1.3944544e-001
  1.1133333e+001  1.0083472e-001
 
  1.1266667e+001  5.4057006e-002
  1.1400000e+001  4.6544679e-002
  1.1533333e+001  3.2019545e-002
  1.1800000e+001  1.3376848e-002
  1.1933333e+001  8.9757054e-003
  
  
