  
  7.0000000e+000  9.7537063e-001
  7.2666667e+000  9.2791677e-001
  7.4000000e+000  8.8277165e-001
  7.5333333e+000  8.1913862e-001
  7.6666667e+000  7.6009246e-001
  
  7.7333333e+000  7.0530255e-001
  7.8666667e+000  6.2262109e-001
  8.0000000e+000  5.3609515e-001
  8.1333333e+000  4.5022500e-001
  8.2000000e+000  4.1777133e-001

  8.2666667e+000  3.7810927e-001
  8.3333333e+000  3.1754484e-001
  8.4000000e+000  2.9465518e-001
  8.5333333e+000  2.2396518e-001
  8.6000000e+000  2.0270255e-001

  8.7333333e+000  1.3944544e-001
  8.8666667e+000  1.0599143e-001
  9.2666667e+000  2.8265947e-002
  9.5333333e+000  1.1808702e-002
  9.8000000e+000  5.1856290e-003
