  
  1.0066667e+001  9.7537063e-001  
  1.0200000e+001  9.2791677e-001
  1.0400000e+001  8.8277165e-001
  1.0600000e+001  8.6102954e-001
  1.0666667e+001  7.7928578e-001
 
  1.0866667e+001  7.0530255e-001
  1.1000000e+001  6.5446206e-001
  1.1066667e+001  5.6351117e-001
  1.1200000e+001  5.2289146e-001
  1.1266667e+001  4.3913624e-001

  1.1400000e+001  3.9744586e-001
  1.1466667e+001  3.5971345e-001
  1.1600000e+001  2.8739801e-001
  1.1666667e+001  2.0782105e-001
  1.1800000e+001  1.7894006e-001

  1.1866667e+001  1.2620688e-001
  1.2266667e+001  4.6544679e-002
  1.2533333e+001  2.5582456e-002
  1.2666667e+001  1.4416000e-002
  1.2933333e+001  6.4904434e-003
 
