  4.8666667e+000  9.5134787e-001
  5.0666667e+000  9.2791677e-001
  5.2666667e+000  9.0506277e-001
  5.4666667e+000  8.3982293e-001
  5.6666667e+000  7.6009246e-001
 
  5.8666667e+000  6.8793139e-001
  6.0666667e+000  5.7774055e-001
  6.2666667e+000  4.3913624e-001
  6.4666667e+000  3.0972391e-001
  6.6000000e+000  2.8739801e-001
 
  6.7333333e+000  2.0270255e-001
  6.8000000e+000  1.8809109e-001
  6.8666667e+000  1.2939377e-001
  7.0000000e+000  1.1422515e-001
  7.0666667e+000  6.5992501e-002
  
  7.2000000e+000  5.9727355e-002
  7.3333333e+000  3.5378259e-002
  7.4666667e+000  1.7165523e-002
  7.6000000e+000  1.2106887e-002
  7.7333333e+000  5.5884635e-003
 
 
