  8.0000000e+000  9.5134787e-001                    
  8.1333333e+000  9.2791677e-001
  8.2666667e+000  9.0506277e-001
  8.4000000e+000  8.3982293e-001
  8.5333333e+000  7.6009246e-001
 
  8.6666667e+000  6.8793139e-001
  8.8000000e+000  6.0728633e-001
  8.9333333e+000  5.2289146e-001
  9.0666667e+000  4.3913624e-001
  9.1333333e+000  3.9744586e-001
 
  9.2666667e+000  3.1754484e-001
  9.4000000e+000  2.4745817e-001
  9.5333333e+000  1.7453288e-001
  9.6666667e+000  1.3266113e-001
  9.8000000e+000  9.1261753e-002
  
  9.9333333e+000  5.5422015e-002
  1.0066667e+001  3.7187511e-002
  1.0200000e+001  2.4337815e-002
  1.0333333e+001  1.5928177e-002
  1.0466667e+001  9.6729639e-003
  
  
