  1.5866667e+001  9.5134787e-001
  1.6000000e+001  9.2791677e-001
  1.6266667e+001  8.6102954e-001
  1.6400000e+001  8.3982293e-001
  1.6533333e+001  7.2311235e-001

  1.6666667e+001  5.9232925e-001
  1.6800000e+001  5.7774055e-001
  1.6933333e+001  4.8519976e-001
  1.7066667e+001  3.5085394e-001
  1.7200000e+001  3.1754484e-001

  1.7333333e+001  2.2962059e-001
  1.7466667e+001  1.4296662e-001
  1.7600000e+001  1.2620688e-001
  1.7733333e+001  8.4683312e-002
  1.7866667e+001  4.5398313e-002

  1.8000000e+001  4.0076343e-002
  1.8133333e+001  2.5582456e-002
  1.8266667e+001  1.5928177e-002
  1.8533333e+001  7.5380032e-003
  1.8666667e+001  7.7283475e-003
