  1.2866667e+001  9.7537063e-001
  1.3066667e+001  9.5134787e-001
  1.3200000e+001  8.8277165e-001
  1.3333333e+001  8.3982293e-001
  1.3466667e+001  7.9896375e-001
 
  1.3600000e+001  7.6009246e-001
  1.3733333e+001  6.2262109e-001
  1.3866667e+001  4.9745168e-001
  1.4000000e+001  4.5022500e-001
  1.4133333e+001  3.5085394e-001
  
  1.4266667e+001  2.5370681e-001
  1.4400000e+001  2.1844906e-001
  1.4533333e+001  1.5027797e-001
  1.4666667e+001  8.9014034e-002
  1.4800000e+001  7.4756027e-002

  1.4933333e+001  4.7719992e-002
  1.5066667e+001  2.3738390e-002
  1.5333333e+001  1.3047385e-002
  1.5466667e+001  4.6933198e-003
  1.5666667e+001  4.5777263e-003
