  
 
  1.1266667e+001  1.0000000e+000
  1.1666667e+001  9.7537063e-001
  1.1800000e+001  9.5134787e-001
  1.2133333e+001  8.6102954e-001
  1.2266667e+001  7.9896375e-001

  1.2333333e+001  7.7928578e-001
  1.2400000e+001  7.6009246e-001
  1.2533333e+001  6.8793139e-001
  1.2666667e+001  5.7774055e-001
  1.2800000e+001  5.4963224e-001
 
  1.2933333e+001  4.1777133e-001
  1.3133333e+001  2.8739801e-001
  1.3266667e+001  2.2962059e-001
  1.3333333e+001  1.8345853e-001
  1.3400000e+001  1.7453288e-001

  1.3466667e+001  1.4657671e-001
  1.3600000e+001  1.0083472e-001
  1.3733333e+001  5.8256308e-002
  1.4000000e+001  2.5582456e-002
  1.4266667e+001  8.9757054e-003
  
  
  
