  2.8666667e+000  1.0000000e+000
  3.1333333e+000  9.7537063e-001
  3.9333333e+000  9.0506277e-001
  4.1333333e+000  8.6102954e-001
  4.2666667e+000  8.1913862e-001

  4.4000000e+000  7.9896375e-001
  4.4666667e+000  7.2311235e-001
  4.6000000e+000  7.0530255e-001
  4.6666667e+000  6.5446206e-001
  4.8000000e+000  6.0728633e-001

  5.0000000e+000  4.7324960e-001
  5.1333333e+000  3.8765702e-001
  5.2666667e+000  3.0209560e-001
  5.4666667e+000  2.1306880e-001
  5.7333333e+000  1.4296662e-001
 
  5.8666667e+000  9.1261753e-002
  6.1333333e+000  5.8256308e-002
  6.4000000e+000  2.7569774e-002
  6.5333333e+000  1.8966113e-002
  7.0000000e+000  5.1856290e-003
 