 -1.3333333e-001  1.0000000e+000
  0.0000000e+000  9.5134787e-001
  1.3333333e+000  9.0506277e-001
  1.5333333e+000  8.6102954e-001
  1.6666667e+000  8.3982293e-001
 
  1.7333333e+000  7.9896375e-001
  1.9333333e+000  7.4137187e-001
  2.0666667e+000  6.7098807e-001
  2.2000000e+000  6.3834308e-001
  2.2666667e+000  5.6351117e-001
 
  2.4000000e+000  5.2289146e-001
  2.4666667e+000  4.3913624e-001
  2.6000000e+000  4.0748188e-001
  2.6666667e+000  3.2556325e-001
  2.8666667e+000  2.8031958e-001
 
  2.9333333e+000  2.5370681e-001
  3.2666667e+000  1.0338093e-001
  3.8000000e+000  2.9711473e-002
  4.0666667e+000  1.4060943e-002
  4.4666667e+000  6.0225913e-003
