 -2.0666667e+000  9.7537063e-001
 -9.3333333e-001  8.6102954e-001
 -8.6666667e-001  7.9896375e-001
 -6.6666667e-001  7.4137187e-001
 -5.3333333e-001  7.0530255e-001
 
 -4.0000000e-001  6.3834308e-001
 -3.3333333e-001  6.0728633e-001
 -2.0000000e-001  5.4963224e-001
 -6.6666667e-002  4.6159376e-001
  6.6666667e-002  3.9744586e-001
 
  2.0000000e-001  3.2556325e-001
  3.3333333e-001  2.6011324e-001
  4.6666667e-001  2.1844906e-001
  6.0000000e-001  1.7023425e-001
  7.3333333e-001  1.1422515e-001
  
  8.6666667e-001  8.9014034e-002
  1.0000000e+000  6.4367147e-002
  1.2666667e+000  2.9711473e-002
  1.4000000e+000  1.7165523e-002
  1.5333333e+000  9.2023536e-003
 
