 
 -4.9333333e+000  9.2791677e-001
 -4.6666667e+000  8.6102954e-001
 -4.4000000e+000  8.3982293e-001
 -4.1333333e+000  7.9896375e-001
 -3.8666667e+000  6.8793139e-001
 
 
 -3.6000000e+000  6.2262109e-001
 -3.4666667e+000  5.3609515e-001
 -3.3333333e+000  5.1001298e-001
 -3.2000000e+000  4.6159376e-001
 -3.0666667e+000  3.9744586e-001

 -2.9333333e+000  3.5085394e-001
 -2.8000000e+000  3.0209560e-001
 -2.6666667e+000  2.6011324e-001
 -2.5333333e+000  2.2396518e-001
 -2.4000000e+000  1.8345853e-001
 
 -2.1333333e+000  1.1710948e-001
 -1.8666667e+000  6.1235548e-002
 -1.6000000e+000  3.5378259e-002
 -1.2666667e+000  1.7598975e-002
 -1.0000000e+000  6.8223661e-003
