  2.0666667e+000  1.0000000e+000
  2.3333333e+000  9.7537063e-001
  3.1333333e+000  9.0506277e-001
  3.3333333e+000  8.6102954e-001
  3.4666667e+000  8.1913862e-001

  3.6000000e+000  7.9896375e-001
  3.6666667e+000  7.2311235e-001
  3.8000000e+000  7.0530255e-001
  3.8666667e+000  6.5446206e-001
  4.0000000e+000  6.0728633e-001

  4.2000000e+000  4.7324960e-001
  4.3333333e+000  3.8765702e-001
  4.4666667e+000  3.0209560e-001
  4.6666667e+000  2.1306880e-001
  4.9333333e+000  1.4296662e-001
 
  5.0666667e+000  9.1261753e-002
  5.3333333e+000  5.8256308e-002
  5.6000000e+000  2.7569774e-002
  5.8333333e+000  1.8966113e-002
  7.2000000e+000  5.1856290e-003
 