  1.8666667e+000  9.5134787e-001
  2.2000000e+000  9.0506277e-001
  2.3333333e+000  8.6102954e-001
  2.6000000e+000  7.7928578e-001
  2.6666667e+000  7.2311235e-001
  
  2.8000000e+000  6.8793139e-001
  2.8666667e+000  6.0728633e-001
  3.0000000e+000  5.7774055e-001
  3.0666667e+000  4.9745168e-001
  3.2666667e+000  4.3913624e-001

  3.3333333e+000  3.8765702e-001
  3.4666667e+000  2.8739801e-001
  3.6000000e+000  2.6668143e-001
  3.7333333e+000  2.0270255e-001
  3.8666667e+000  1.2939377e-001
  
  4.0000000e+000  1.1710948e-001
  4.1333333e+000  7.6643713e-002
  4.4000000e+000  4.0076343e-002
  4.6666667e+000  1.7165523e-002
  5.0666667e+000  7.9234983e-003
