 -4.1333333e+000  9.7537063e-001
 -4.0000000e+000  9.5134787e-001
 -2.9333333e+000  9.2791677e-001
 -2.4000000e+000  8.6102954e-001
 -2.2666667e+000  7.9896375e-001
 -2.1333333e+000  7.6009246e-001
 -2.0000000e+000  7.4137187e-001
 -1.8666667e+000  6.7098807e-001
 -1.7333333e+000  5.9232925e-001
 -1.6000000e+000  5.7774055e-001
  -1.4666667e+000  4.8519976e-001
 -1.3333333e+000  4.0748188e-001
 -1.2000000e+000  3.8765702e-001
 -1.0666667e+000  3.0972391e-001
 -9.3333333e-001  2.2396518e-001
  -6.6666667e-001  1.5027797e-001
 -5.3333333e-001  1.0338093e-001
 -2.6666667e-001  5.8256308e-002
  0.0000000e+000  3.2019545e-002
  4.0000000e-001  8.9757054e-003