 -9.3333333e-001  1.0000000e+000
 -6.6666667e-001  9.7537063e-001
  0.0000000e+000  9.2791677e-001 
  2.6666667e-001  8.6102954e-001
  3.3333333e-001  8.1913862e-001 
 
  5.3333333e-001  7.4137187e-001
  6.6666667e-001  6.8793139e-001
  7.3333333e-001  6.7098807e-001
  8.0000000e-001  6.3834308e-001
  9.3333333e-001  5.6351117e-001

  1.0666667e+000  4.8519976e-001
  1.2000000e+000  4.0748188e-001
  1.3333333e+000  3.3378415e-001
  1.4666667e+000  2.6668143e-001
  1.6000000e+000  2.0782105e-001
 
  1.8666667e+000  1.2006665e-001
  2.0666667e+000  6.9367371e-002
  2.4666667e+000  2.1484733e-002
  2.6000000e+000  1.3714631e-002
  2.7333333e+000  8.7546395e-003
 
