 
 -4.8000000e+000  9.7537063e-001
 -4.4000000e+000  9.5134787e-001
 -4.3333333e+000  9.2791677e-001
 -4.2666667e+000  9.0506277e-001
 -4.1333333e+000  8.8277165e-001
 
 -4.0000000e+000  8.3982293e-001
 -3.8666667e+000  8.8277165e-001
 -3.7333333e+000  8.1913862e-001
 -3.4666667e+000  7.4137187e-001
 -3.2000000e+000  6.5446206e-001

 -2.9333333e+000  5.3609515e-001
 -2.6666667e+000  4.3913624e-001
 -2.4000000e+000  3.5085394e-001
 -2.1333333e+000  2.2962059e-001
 -2.0000000e+000  2.0782105e-001

 -1.7333333e+000  1.1710948e-001
 -1.4666667e+000  6.9367371e-002
 -1.2000000e+000  4.2125856e-002
 -9.3333333e-001  1.5928177e-002
 -4.0000000e-001  5.3165728e-003
 
